120053
548523
134430
390286
184986
974950
078584
553754
273024
914308
099218
842563
394732
805713
746760
768013
556703
344150
943649
005386
697000
223058
735686
279477
809765
406060
264613
892207
997411
679029
560024
355308
017627
897224
510128
907777
907222
203637
695939
898850
648567
002809
073381
979605
285619
460371
187836
963178
649340
551459
999593
760455
920581
903377
293926
779664
330502
821311
897455
784385
470759
009624
896272
617681
708787
090645
607609
518198
004711
339889
649117
587250
400650
338579
805620
810620
458062
260572
110863
634682
622509
935027
707482
997494
216947
640613
566297
687292
716056
018382
982393
004796
816955
061123
047576
442203
683329
620604
377245
591833
729941
980309
405568
516206
517868
854194
782623
259594
597736
160798
684537
446955
653727
122714
894546
713566
048812
020685
753106
851175
985428
822209
778568
879605
676128
427990
603796
280784
098378
098140
605146
131999
878004
209532
286355
532151
463576
712032
282977
258538
353585
816524
130166
618062
638231
776759
265703
061300
863465
570035
742447
413468
794291
333272
415684
870308
823371
708180
460566
535909
239348
545808
372796
474007
056732
533423
414790
630914
907907
183050
491943
673903
924375
596935
065438
004783
303463
199232
328118
514654
800045
838983
988170
108632
798397
349224
755081
880245
130355
560848
203234
443900
559970
527427
420259
842090
634362
225851
765405
204242
397851
566038
213280
929090
502724
157094
407870
387520
732197
977964
485311
186444
476490
438666
238788
263411
609040
022098
727806
342313
932033
737582
353064
721994
460614
905170
259812
299025
181282
420204
617637
165855
706987
397885
994925
361937
111040
586317
418114
778947
438245
395553
645012
487686
404185
701934
574275
283533
683466
570737
892234
951471
384570
618164
571281
882982
072171
363605
224094
695161
195579
445801
745582
760201
893610
259961
870337
279268
410488
089946
753493
364791
543924
055192
450666
093045
115958
045971
040421
879240
768190
574429
642369
412798
317199
087770
396252
003462
417114
659238
485204
373754
338650
147990
192114
016084
323463
170558
074459
711615
925551
463915
814728
926659
933832
573988
269269
250930
257651
254968
269526
217435
644378
307790
900241
265408
674220
045106
083323
140052
373098
394583
806185
764130
861304
072599
713233
564706
079784
340416
450361
549366
374460
722291
338135
189412
702035
117879
991545
515528
126109
283034
611924
798689
653528
602419
801694
043244
949903
102021
560679
220623
724227
845459
902765
534429
356702
815637
782323
029308
849240
177784
459647
619968
622497
179619
517440
695827
925848
744182
948812
058845
658575
179183
559340
875452
919170
190950
347787
478682
492667
710719
898601
263314
396608
449931
328470
736607
873454
353152
397761
946831
243699
759128
174772
402941
891789
176195
018915
979745
127988
019728
913839
104359
202280
587000
004441
218624
279597
788955
933937
776895
433032
943205
190384
151821
601823
250722
330158
832183
602731
179643
953381
886410
561297
551521
258316
246682
526498
274579
884036
388571
104423
083563
597156
670437
953534
166209
357326
706938
893716
853813
093792
796559
452340
346436
795886
374859
784273
913960
517504
954478
435844
487098
680744
403506
634947
386659
838140
384273
065627
789397
812384
880969
541192
663812
233370
679135
877636
484619
188502
759566
515179
660422
455497
034701
170980
291909
556282
962913
544064
669904
764288
391704
056426
819889
381938
962503
992643
414720
317627
700870
828942
040944
501864
014128
299695
941026
427877
123896
390792
307655
980528
593080
658744
627704
715514
613610
148937
547347
509959
762549
888196
289853
023472
251301
339793
963810
986857
885992
684495
990231
237338
493938
367504
161964
801486
777835
302119
444537
954549
243106
049482
673267
439851
691165
568061
225966
691717
140552
538508
913849
649545
976188
908626
426430
768364
891594
115799
301648
584896
678443
889464
166100
818485
108807
286263
069465
837334
642385
517315
878074
068388
908209
295375
318977
662263
541997
379500
924685
538648
297634
917937
583959
754336
142244
429194
333959
503035
232357
541028
686509
189412
254588
578052
338151
990974
289178
836802
951139
923388
926018
610941
677898
078182
795963
359407
010735
528048
974743
248825
313918
293551
795727
936428
460176
877500
072018
144441
774947
393252
107124
868431
737925
915839
353071
996512
883217
616835
317143
208179
502191
643210
165680
992026
682679
266208
177611
756891
929443
116706
267900
183605
866445
861906
555498
090312
871751
601201
842452
139477
940850
873580
468311
601740
851841
813323
476251
911527
769598
014780
570552
855428
597748
123098
456688
795901
139470
917416
079030
330031
911949
470650
719656
216119
199156
957135
473658
575791
222915
218122
884050
261673
628766
547585
223505
716299
919446
263110
467174
397955
743237
750090
320195
437031
468663
974204
314002
967930
049218
566677
032650
058604
854100
801879
971604
823487
100340
260175
093197
364637
449876
111335
960086
920801
333610
672722
286746
607111
984240
720939
706971
156916
183451
294546
589205
960608
422568
460231
924977
855354
103290
748691
016199
769822
710039
163627
170555
012429
137219
262492
160768
533901
318833
745902
415999
660338
858765
117429
366607
298116
839176
631505
608423
654115
737766
523842
037789
131547
559052
257066
154470
095456
418447
033566
945687
639059
794423
584024
224018
545614
799183
425758
866580
535869
697433
021507
014389
473613
916552
761883
227221
269554
513308
951216
455543
316049
099777
429358
072996
227796
050187
164392
816842
572711
085271
069994
710714
850695
592839
738801
407805
008697
168119
265011
443929
217230
963834
369790
096981
973064
830018
917309
666061
856210
978062
658541
141551
248470
731270
462243
413306
906156
833996
035133
223506
680467
995257
614414
471327
152554
954221
213671
297329
660683
470317
174483
854255
790766
554500
280317
344433
737331
252289
666116
889368
596754
996019
350748
618980
024534
239261
676535
877581
543683
041261
552177
746273
677465
916750
145711
716511
806679
725052
006620
069189
374784
616057
808759
827829
209700
255763
208201
543125
594086
996249
699660
902659
200039
647609
166382
071374
256054
423619
670400
652550
937640
010608
825184
737770
763017
259918
187070
469450
294558
886277
599085
608675
644814
569937
085472
198390
741250
019332
527868
814823
813608
535917
533470
845643
389967
362917
374001
293488
694358
189387
912852
008225
990199
386303
901173
768496
530906
900929
927340
865180
282043
131900
759837
924073
492622
702593
899695
486807
028024
861547
509473
169622
072021
062413
638106
121400
425750
163424
565152
582472
467499
701176
663399
279965
263894
463505
529673
774301
800817
462875
971468
913783
294624
277849
843082
974816
488236
842387
876888
477261
344817
879357
381440
417050
495909
327068
396625
739968
064325
916523
644777
082628
307988
595341
756385
140205
741250
844135
370267
416152
394344
042652
287675
599535
220212
505769
485182
540180
209506
831822
634949
073202
596636
099811
114854
273421
205385
290309
843042
873653
950149
497475
515738
943242
893800
796896
294446
145837
896332
533622
683608
624260
567695
282809
424211
960045
030346
875895
383581
070107
242890
537191
809587
269958
362192
940655
465710
258051
609414
543349
877861
452346
700211
938494
995784
782327
383061
879064
705737
957983
344811
770184
403488
129790
022276
901556
091538
295528
442290
285299
226069
683066
112732
166729
676058
518338
093317
371120
918092
362613
020844
813542
684180
751948
141258
080069
358402
731375
689688
072944
541620
003465
098750
880190
900032
758134
384372
378491
520338
645427
458095
274362
359680
797310
195603
728151
835041
956057
986834
688209
089330
416325
524850
224198
060276
971754
175553
454801
731635
711870
670530
966593
221287
595922
877269
811989
995320
507091
709314
685824
843885
920575
751525
550409
991675
856201
555086
856988
459625
705248
774204
746407
079198
418526
191126
963615
113929
957961
060474
949943
835958
451966
605666
325172
260217
443653
711824
122198
881897
725986
065101
138191
033383
902091
513425
142219
765607
368791
451787
078692
216372
031963
138954
301559
403358
400826
334983
060500
444159
899409
433019
391136
488331
025418
916815
065721
676386
092595
976838
983700
626083
940324
259512
429184
290704
708850
719589
920645
574498
452500
933690
696927
298374
231926
140184
103539
686900
680541
734134
677068
609900
138296
135357
628461
173482
169772
493993
603826
576925
794779
503336
936464
011824
917818
771787
984834
911488
288031
832495
785400
086319
461184
583794
161875
167675
515738
948865
209968
501750
885894
266804
351764
583259
178666
536751
971617
083575
020613
045532
636344
108830
903643
499663
307297
852641
690016
598847
145041
897443
023146
481680
338565
920295
857010
865182
747720
048137
846882
363653
865681
846074
799610
739152
058085
249456
801686
926425
047483
583771
590866
013843
030960
988799
736688
496333
186204
712970
163690
241947
458060
822311
727557
875934
271242
057257
380736
896802
111993
396089
435870
682674
341959
995583
589222
780106
697532
090648
210439
520333
344398
470893
808274
520026
173784
870120
971942
908683
774049
972782
759353
291190
332208
679568
766758
704943
477441
152266
933460
243425
345953
972206
835826
443550
775328
320789
069042
134868
688167
470051
642056
654943
365218
704386
499427
775715
196103
975178
387056
834227
055659
858433
469157
174363
508363
413021
278651
496985
758536
570043
261162
740257
495269
815701
664329
809198
414739
614583
895189
503354
932934
272768
654759
355633
413427
416158
961954
285023
152929
820827
679003
900705
882570
878561
008498
897588
201063
775309
293228
131406
446222
229766
920817
822446
945307
159250
180272
894180
344727
717700
496858
528532
615613
545665
508629
111062
027739
297705
733433
158979
284076
504600
643477
041645
412946
409738
379103
914846
579882
832052
581451
835840
173747
079478
794025
709560
310475
844856
906498
696071
126433
350068
153200
387257
966582
497018
588934
976282
114340
716395
513370
549931
089775
504821
246150
420247
381096
333262
102072
340215
325703
963749
753593
617254
572432
143573
223458
231077
140105
498236
525919
429736
636339
915853
394646
906895
550015
929634
354161
428265
737153
367823
639992
415460
785494
057137
892321
996861
285748
094327
962473
412288
469824
879362
042547
996179
442852
349341
206989
325981
933302
629447
181015
360073
542512
416091
199862
788033
609142
680437
402735
289967
962526
739662
209150
042531
492995
136841
297865
112664
240853
972704
045501
872910
108729
822531
865101
777723
997379
667193
094196
681990
491463
227826
946658
161730
322772
370557
754410
829081
463339
181836
007261
274587
053161
030054
448848
775371
044785
001006
775660
285092
371468
814154
532881
058900
678518
871417
716198
092899
578233
752240
841413
112741
076474
604386
124120
321565
630575
830769
076877
876235
831280
040662
315770
149603
548850
666221
602614
618540
633108
240584
135790
461151
339632
417594
028876
226180
216444
094665
543068
078928
637457
718321
074065
716213
741920
218914
390084
968204
654699
032753
096346
514861
798651
651516
707860
128365
189350
552489
867949
859705
874263
535987
165035
943242
684381
863932
719798
197459
648909
577021
389524
136411
674946
123227
169529
077951
850613
337491
958208
715449
936949
527598
226652
008224
432215
846663
510308
718313
996870
254838
983182
009031
177783
178627
620848
553683
382657
991091
874629
343512
955168
960651
682891
635460
402609
879669
580685
615890
106414
178680
722006
879740
360741
980329
443375
229461
862602
047241
781404
797077
849115
873469
798288
906118
836011
454580
939143
558011
733350
963192
452923
865648
506451
979738
797884
123338
372961
162011
607136
073558
421058
644626
626323
348020
358839
377142
553452
885844
903178
460904
153093
961571
247580
675785
493972
569816
271741
467758
770375
796242
303324
535275
795814
439456
935816
350258
004990
287705
735539
709777
387248
737159
994581
951546
585554
582489
162646
017822
789868
246609
040145
722418
314132
836574
957526
761713
399807
243670
219954
653291
354684
092055
081919
988244
738534
080276
125313
242761
181474
029061
526792
662226
493817
239058
637016
867732
017693
528316
044687
765721
412190
378905
005791
765923
423587
269111
043586
548309
262953
247929
250804
461536
175765
093788
585235
772722
164691
688625
825834
018978
297465
863812
163018
608071
614599
540861
841356
308631
736698
278730
964240
006587
604405
487868
336979
665318
262539
005462
754757
709178
042192
152365
461150
074018
122285
480961
349352
565819
548011
262030
334983
884110
309808
467476
390726
302410
380961
885962
443680
364523
651016
964939
202087
111529
017849
814589
220605
704298
897450
261840
981015
387135
388698
446040
426127
730945
184189
187582
655347
796694
839715
337084
342486
619649
670764
324843
655275
238176
917846
945970
017837
328958
000820
407253
523120
611121
480271
262114
830308
278142
916404
603830
810405
130878
706966
374176
323268
474707
852222
508716
775672
998535
255616
468866
709061
924577
863754
103596
962331
758381
104872
903237
003094
299464
860821
639439
123117
741489
819926
455818
452848
127329
198274
011528
701597
439902
114245
360552
247380
394672
939138
570746
781209
919979
728325
942909
650611
532804
373981
191010
520685
907063
721057
711834
656861
480334
021363
767404
757938
987701
523295
235009
350121
187460
677225
747241
198280
064457
031454
551703
015765
430057
013030
156975
937595
328533
123209
268563
439552
939841
254803
438973
312310
486493
335436
239046
797130
685021
106163
833929
852815
888066
440503
272922
270988
023782
927325
159774
368422
943612
726391
461219
051501
414023
944195
883616
635773
673496
831028
169431
174078
895590
509709
928473
940080
325374
225531
700568
299054
974241
273962
716005
507504
482856
233815
491980
769315
709336
002651
396771
680155
914307
116287
845383
791996
199254
372238
680107
502701
496873
428673
097126
211131
970389
092768
731057
912301
176730
242426
831319
635689
980934
100916
373212
395829
584993
289904
258642
299040
895202
748777
138654
597783
249997
943045
626929
094389
380761
362250
578143
642087
388401
413882
085170
133132
553416
452019
850073
076365
937505
286906
682624
961603
746112
924355
463370
692681
003193
948734
211348
821372
730302
387574
232000
755581
190840
279119
634546
211476
691319
754401
899897
281914
586563
140090
288525
952347
553562
902954
337700
181367
131555
039639
770230
458607
298901
187041
455491
888792
485113
043089
777127
145388
771673
875538
187910
049795
592629
365058
159540
679176
295645
983096
399499
614875
502536
691218
704159
284708
576076
537782
168814
681838
648553
242519
200843
200485
173378
204171
479273
253558
400981
638910
653680
181850
898286
115754
930210
174512
279656
370786
903252
668508
867946
074134
098409
289612
877588
662548
153574
340774
655457
178864
100318
734158
542785
780098
691711
891928
348143
994648
526322
118964
376148
410479
001090
770538
335770
803443
293288
231649
401560
421666
069351
276993
625551
896774
412012
878484
449636
458638
230579
078589
492464
339806
867302
504167
574675
592330
069639
329274
919161
720837
699301
990323
333220
072051
557009
454502
835141
366885
644446
194917
593373
593577
226435
937857
149208
248700
234618
881046
186224
603659
224342
750978
573074
271536
783053
197865
422778
377713
402383
758324
273050
444979
134794
504622
908771
788349
849134
724363
322004
446310
486041
876813
930039
815883
481827
943032
273424
724860
634253
615720
348566
910347
437436
054385
399169
916922
044240
025234
412183
955646
955458
962800
091045
012600
262287
686952
575708
988962
696930
895690
133516
057299
434535
138486
194301
870049
454042
990311
456103
446421
651004
899841
964268
241799
632925
498777
461187
865523
797427
149038
766879
448521
129794
711458
590592
763888
324314
653251
055175
296486
851616
818672
024747
232615
241500
060255
707928
918333
657593
721441
725118
992028
802821
559455
368129
293982
397713
676411
957865
044870
582515
014508
242453
008740
228791
872623
371679
828227
327085
249740
756828
455124
256746
745709
405812
983732
351992
060685
961589
390045
554699
135225
017153
768694
903669
406360
047256
022478
067399
139452
566866
900765
107716
960279
368800
801049
757713
383968
377526
472503
632883
172001
325844
295359
875556
287834
601541
608014
207716
411034
905680
784685
627620
737499
131356
633129
462390
102986
548187
329668
084643
599036
548295
191082
074014
928200
528463
668126
463412
304046
186072
083662
504636
553991
869476
768117
794761
084781
954340
285129
333064
926176
557723
936385
298203
191638
947501
466923
679499
024250
076670
657484
394085
835981
594719
771033
265232
086004
151508
391271
761286
953627
017115
848941
987969
459906
024695
228005
090613
228920
945724
258533
354217
648952
822404
095109
823062
598258
345790
956956
476761
049963
823435
975030
382524
504976
954235
681705
531467
039848
377718
179721
040869
294606
584313
596098
961059
230041
586096
636818
437680
435664
019103
337042
573167
685535
023446
954381
287868
322624
212172
825314
437475
122279
173049
379473
515736
428173
712472
417344
871876
084250
072475
854510
197842
443090
651614
874675
423838
331519
622113
949491
878507
357928
435790
650109
517334
400080
846225
231628
021646
065099
529098
664034
312621
175358
997756
608930
858354
179268
209098
068005
560570
020620
068554
728447
600444
407496
844353
519880
587865
040054
216040
214359
914643
805327
368278
967719
586160
144030
102116
198280
981067
356736
648808
961411
816047
754615
908355
534339
280824
519265
536592
408861
771220
219629
857402
040055
412228
560954
339559
513757
101068
305902
426811
963992
911896
595525
504564
027464
228381
663940
092177
894191
254394
743267
284769
827413
265556
600428
960238
790530
632523
012581
743116
932681
811317
025990
904130
445119
270947
140096
645312
019916
876828
774894
118317
384598
368762
904313
824340
646038
728727
244051
942442
206899
907349
480605
160186
143403
636956
045486
561882
617379
121081
643528
107371
191369
581374
951915
121450
153217
999198
226640
949915
810358
314474
693372
143359
456304
410428
358062
589319
519282
656258
103514
825351
573847
920327
463686
586158
442275
353403
310041
960346
012824
246694
142517
240839
247577
945323
059446
250810
838378
354350
110727
785951
271961
704723
142922
467112
553460
420033
349349
775675
197412
880461
831932
027698
616601
018082
910235
389871
656309
005124
826346
177727
490677
306536
351169
342144
859645
583895
216933
409189
116229
237855
610906
377423
033173
060194
911888
367460
963768
620487
201345
584799
408461
582673
904734
049041
601980
448154
078681
501172
298982
920158
675027
732227
878353
998859
988771
662501
873173
595135
534088
741047
111969
801280
204478
180252
858292
961893
347581
052280
756998
940934
002382
885378
257679
914140
958340
934236
004904
399222
507012
632084
726411
241449
182200
113000
061629
027052
419436
177538
422987
165758
992371
485515
480950
339467
469136
546235
226246
771512
531212
246595
176208
548454
848540
726275
619821
361083
466691
836910
522385
956805
604129
832594
435583
752866
920534
310508
894915
171595
412776
262306
242902
392493
584708
684662
087303
495084
815259
464179
539106
340083
214353
214725
472324
132871
520669
590503
648435
189789
492217
009364
099752
286971
593607
598447
065084
018973
035871
037545
521466
670761
664740
863793
691356
037578
972168
443376
101336
254214
141872
983592
540183
985009
278616
993440
727977
653472
763340
249085
937762
445633
933342
760600
622700
159879
373132
244083
729311
840676
804814
128804
971326
676069
036148
268396
744388
102418
582587
765607
585555
898010
214464
455408
649690
683821
247348
799088
619212
030822
805667
208222
261999
467476
717945
655666
881196
169085
132944
406293
367624
146168
135734
983134
523935
663762
620564
238944
125076
174121
078741
060258
713578
882831
732906
280875
130395
157525
840501
072593
890023
453658
587232
880804
869173
210778
471962
751098
924479
565543
670166
363732
793705
855939
473527
892484
884904
863889
834875
855856
670730
387410
682967
793144
870366
967548
509628
135596
256422
699916
834810
957911
589590
271769
882126
906539
275532
080945
904887
025512
957833
692195
460985
383031
679512
809212
489168
413153
236592
149643
223500
715996
776944
163110
529770
877208
457488
415933
338132
079718
911682
298483
121212
579857
101439
673918
702618
262072
818747
573099
546064
017490
975108
151011
110966
907563
076177
273732
248542
344053
492156
237753
114426
015924
011875
970793
747676
710680
083288
524494
406477
796901
652336
774584
501963
897489
157530
733553
720626
176490
566227
275517
811014
715052
322774
865050
004307
573208
241842
887170
463609
370686
650296
167534
283377
463508
720203
704704
967726
352765
729450
842907
031365
383216
633810
014969
429214
582097
175094
777166
840874
749779
688176
096891
365028
651710
629101
392067
879815
758317
716468
109243
528819
691616
473758
734990
326279
232024
828292
514623
868430
041795
095416
646273
887216
072362
520733
975791
009162
742361
200362
513066
102481
740645
824506
308756
695844
194640
771500
529965
679137
580352
992172
815932
412823
855481
342132
140392
017434
168096
962520
010134
226916
777966
463506
925566
132434
286219
759930
945353
423628
352222
190494
789296
007548
559636
840676
531807
599128
092789
839997
889593
491813
814940
184751
673872
058163
173264
968929
034930
290946
886043
848662
908608
671036
105568
179428
805144
692079
636430
397788
134182
850791
126468
279991
858550
306847
370556
191609
519220
571928
526611
396647
528952
290110
160155
940674
083712
101150
342247
423694
033326
037329
770135
377075
421470
736314
018284
406359
062815
951706
280801
659438
030023
183519
018128
827411
519492
189903
071656
078534
009624
822015
474137
386025
743527
779433
848677
580421
512054
404978
086635
663278
744901
333513
237668
843250
010065
697669
405697
834510
843442
137267
822048
105954
504600
785844
150252
689272
475638
444735
891465
063643
746919
137310
917431
631822
244469
940210
828075
744974
972881
884677
527940
176257
172677
324768
602893
119465
523485
805328
012466
463384
321488
124488
226810
762877
688422
273865
979733
035055
118288
097008
284132
847383
446850
459069
750195
896371
008436
719963
710993
200063
908338
399015
568149
888403
874147
616743
271470
032450
821859
643932
345285
326896
104529
828663
511305
802390
478487
673985
533064
872928
184943
029773
440462
199460
869078
226522
367600
903011
918117
031598
762822
376727
615265
630430
625692
443724
205893
153126
988118
034449
868161
903015
378221
605158
085383
596857
105497
101980
083711
808693
841479
692485
569413
007963
223696
523549
429235
235776
731014
177094
932170
456227
294364
202338
833000
953121
567575
429878
773535
832289
683711
678065
910962
212267
508760
627922
980463
988937
433655
938243
167534
757227
588417
904686
425985
795534
040150
171742
025216
630584
988453
191462
305882
355656
990796
051882
991439
300893
208121
341516
634716
945081
701309
773775
877551
217164
904565
214603
379311
891015
844499
646030
980968
706014
716963
964412
131378
260556
838658
439144
336890
348334
759714
625756
384406
362969
469851
010510
330753
616680
121713
620832
564671
098627
382556
906435
666974
039408
543294
157730
947869
929541
503566
478982
203882
392916
844052
854335
085360
775658
029806
844426
083285
822926
129580
735371
927496
044512
642332
812285
499500
182187
578822
096158
470416
027234
549358
864967
664564
924640
641214
260824
059842
256710
447858
263300
395023
538971
565150
501227
423708
092111
519528
736060
420041
385198
456782
113669
545430
021199
869479
196439
729819
899866
023641
601655
104928
856735
942610
951144
711733
745958
987398
260861
942432
635262
061256
742689
171359
418400
714890
827783
986184
549937
018226
648929
886088
773283
914511
439956
330240
492363
582587
428033
767997
138413
446728
689908
108421
308993
989773
832743
683992
502721
801248
585000
199429
081460
562098
081824
990015
154453
221773
759993
143294
420582
133030
523997
822158
246172
460757
385851
035042
651184
058788
520769
568585
030666
513442
048785
129699
355196
262816
331434
374166
148924
468198
219756
160183
450150
170062
031125
033633
727442
569283
701290
244548
168546
446435
967395
095746
102092
507841
468968
185086
278116
181847
803651
371019
957498
150574
062070
620160
988907
664521
745381
390736
336339
406280
838108
287139
920563
496373
626679
145294
667663
341310
705797
959205
259883
339547
148364
062985
731683
121688
076179
048165
291550
168104
645299
975120
152757
560312
431684
993469
031405
923079
147496
802575
064533
211711
465416
302829
202510
807502
154955
899738
443087
757979
627397
826336
328895
944301
976439
305648
056711
220887
199419
250039
082980
432205
691969
432935
223767
961886
666463
374095
506596
952950
456061
554475
340089
559151
354398
705778
122996
322608
720685
149275
571059
865760
008636
746142
836730
558437
605616
690386
037896
849382
071545
336230
919186
739506
904682
747209
069747
874040
911180
815439
954459
211919
800640
072710
645204
175964
099459
639482
146629
675160
122089
388667
924455
891887
816402
787872
214893
777534
412056
242970
366009
582291
749316
499638
319611
342540
878707
829214
689459
592955
683829
628264
397020
237248
808071
930839
058078
171921
482272
641161
186657
368529
491403
891079
250845
548487
398227
499589
427924
843935
435334
987347
844224
431204
580424
817342
762341
550443
307685
081243
772748
882624
522746
060885
159028
445657
493528
275543
637103
018068
655376
321829
750605
479745
040848
498736
858804
844659
458337
596614
431455
781711
157000
229951
481881
270496
188564
574922
635309
287193
300615
973793
713051
239148
947750
114757
243140
696916
544654
848222
659183
684260
791293
797424
336355
760769
237466
424592
457920
085015
916283
221696
159974
170568
090399
365087
271557
275360
147037
461697
903699
427963
111106
693825
148236
152404
509041
311350
361926
628490
435241
757526
573508
735825
827467
376851
740552
006416
400902
581293
096373
987999
265432
016763
334050
250048
374137
566312
013848
509655
411880
089027
758640
373984
232967
371408
462022
366700
820629
300818
582036
526173
225657
958300
953818
272235
827845
837294
528018
955558
876872
483643
739855
801992
169452
159404
171232
942616
873572
781156
689261
865515
584149
080751
758462
751116
282802
365508
830844
080505
119079
150569
628420
658427
897300
100800
326620
217093
739921
651784
887575
842540
163632
841965
115105
914781
159027
531090
951682
665491
440159
152384
410342
886744
732705
555627
156220
376134
715440
373600
450872
582926
829048
135337
301330
065951
079778
292445
353237
704225
559962
125290
983078
502919
182397
707328
602993
568218
052027
808283
495079
159632
003137
406026
195382
725365
206354
277923
032757
369914
274989
738095
391074
382515
443589
338619
128966
557462
502848
924188
234367
477225
252158
918451
183893
827952
572428
082127
818017
610914
016807
359081
865389
677937
637086
232320
298480
953057
262250
549142
180332
854626
289675
459294
099549
159124
717853
404214
703608
407840
912960
750888
962021
414372
191797
379678
377543
275305
209573
753289
649793
881070
557681
010730
610820
015840
626999
396021
910571
749942
292216
808716
606688
667959
781500
629493
093315
455963
231093
665060
301490
932889
383253
028019
131488
156305
328193
229338
895957
397343
091094
285031
827811
396656
593040
298238
758820
919098
818208
153336
416462
712194
550602
787336
993287
595864
832685
158918
666720
063149
648039
161455
248453
351544
500656
121231
139874
791623
576635
850664
406469
051115
043760
379602
429536
792010
847123
566756
635067
221133
915172
666076
791588
238953
015565
287949
849365
729580
928636
719061
919575
150629
814039
214558
573477
995673
963060
620172
759537
937900
429401
467458
788437
159972
845019
176132
469516
784932
282583
382633
803906
646582
324447
023432
848704
339219
568135
572971
588974
995958
568298
838187
271116
132207
950153
467273
166326
255980
746510
207964
379251
496413
836960
014027
402620
689764
680789
894909
737275
055152
882935
317904
701767
864111
194680
373271
387993
968100
649958
992577
842142
640940
018810
436686
710233
546915
919684
554209
426576
234391
188202
483263
660420
407076
065888
651408
074553
453295
227863
659423
778965
483928
574135
243304
560197
294061
929922
558538
066771
339893
093335
945015
410665
982830
417367
119995
292318
885182
200387
403032
123431
720612
994364
751469
876078
689053
943909
301076
085781
666135
265126
576087
187417
749679
286173
138223
743414
220838
959008
895579
070984
204750
383363
812004
660505
242651
365739
429049
175514
529304
315290
720684
885666
404468
297858
533382
334498
463822
533849
484603
699498
252081
961498
463480
179668
514545
041822
073198
734236
761127
984665
280045
963790
900646
613831
704086
655657
868946
326530
645289
406318
267376
116426
035567
330930
114383
789793
599796
104709
731204
742871
452994
884602
138954
444312
120688
615074
261265
134623
062274
613023
859296
623915
579905
478877
513433
394383
325519
290003
788702
930763
932501
709439
237805
386318
523767
645373
024952
448491
774482
707640
521190
402213
626594
247266
500748
447643
416280
472954
170901
380792
495079
598537
089255
465400
732454
515667
313604
865369
090681
790999
946609
239446
475093
146982
360143
818303
417101
006602
056703
322179
736681
640988
870003
137656
159933
008086
728781
982203
449175
603648
277923
742401
365321
189671
028809
278115
576211
677125
647241
872675
028252
448142
333233
545854
590226
719105
651607
266148
949508
432500
549908
963537
058460
425853
949442
737749
715372
103290
983223
257655
275848
059516
329716
361759
358132
459865
329297
179765
411526
109444
651767
438093
717259
352581
047140
277354
639075
838207
455608
502782
638993
513722
351033
588310
677172
249031
059611
157889
008168
327693
257169
182831
206971
723303
321643
523759
354941
931149
533289
782212
376125
233677
487762
208547
073011
566356
633542
150154
291120
988593
540660
773142
532088
577253
600791
205624
392833
778409
401776
310495
315032
062513
961169
165909
873847
781626
724711
187904
390539
615488
896134
356740
826029
302039
604116
924027
333241
559118
734456
186651
743713
630925
170338
514810
911593
260232
452621
179594
395011
210889
750570
594172
655512
407287
506540
676227
149273
683518
857654
406818
099271
199738
522276
610162
272691
431240
925301
855350
847396
174609
744633
925627
378173
812759
857904
204733
698211
849196
262733
084612
323162
173986
648840
985897
119017
137069
114048
324815
326678
013364
095841
063724
029837
264263
165714
705478
688914
270704
716908
995264
783113
627069
433226
072185
000432
155928
586005
297938
472986
701228
637710
740281
812701
831752
320726
097950
725524
907834
419633
747601
513611
898359
396256
272184
929886
354504
613338
729378
362822
227820
406179
411236
603710
319687
864031
811534
259320
102373
962990
005000
716409
211766
354501
466367
593252
928654
997901
566960
205596
601745
630763
858764
473688
873368
085006
918445
524099
305615
261900
444560
149614
159111
194108
713142
061595
672051
022740
636772
620284
993185
132040
152541
310252
352496
951347
490815
562518
053933
585518
259183
912342
819772
422964
001545
862530
341269
440146
730406
122279
767865
744741
536362
899776
842623
307011
916497
596902
665518
007068
936268
649437
913788
809811
294241
167908
614236
009818
908092
244780
666665
865349
606286
909567
507970
203007
357368
014895
019131
389067
423485
603923
773804
620681
195721
469854
514636
630293
919870
445620
126506
716539
231357
649083
713038
872671
345636
503536
709735
388053
362656
780662
266153
540838
357942
469492
023192
894718
725639
749368
574306
919556
332346
661920
638468
120716
804401
520925
720040
713653
497118
804647
279396
296541
949148
945131
099127
444810
357205
430644
964669
506715
419341
939059
274183
347378
093757
892123
961694
142291
072855
346065
591726
588765
108479
137147
084287
622987
180298
226549
821003
565519
879761
630506
090783
187245
346459
370976
213565
880132
263256
933982
938900
128022
086896
376240
349806
729405
204662
743787
883589
615012
664465
290799
404391
553173
344194
523049
373963
630107
394228
448619
105807
425275
641659
480272
909735
778470
298794
551433
621026
264269
640968
944887
768170
997353
286784
420190
359246
858319
462459
568312
540919
768042
170750
287304
220634
110410
282302
126824
943633
434989
836520
199637
692150
054930
137100
569575
075994
219185
714144
986967
267389
751903
853528
703326
467016
926999
734701
081471
494296
117920
860361
102224
336591
962429
167563
840614
276977
527483
923279
283426
920901
275129
953727
592814
204889
360372
275320
207463
666993
465072
794434
748538
002804
041131
219040
334461
853099
823275
274871
517345
285287
160804
890600
688712
596888
344601
523227
080442
317162
573760
403663
110347
905685
498794
537285
307280
823474
603815
538501
282683
807834
550339
333167
293038
166304
444980
260678
039482
686668
904629
505210
814033
980540
096168
368077
431717
034792
418494
066827
901790
756707
104900
187427
098273
726207
385438
115096
828610
094102
728557
916683
513394
442831
952073
198340
051109
040607
071609
324941
638095
863395
687151
347937
302864
539344
626294
055103
714468
957632
145535
876583
264044
207463
789520
000214
450168
606368
200288
433373
209367
530697
379492
358406
044491
759041
455072
195572
873536
975326
514275
462785
515877
161852
166111
613321
102337
107396
322340
381795
901752
403971
961415
802189
087881
916221
797277
873329
231300
578358
263199
287731
968562
666800
770479
396755
331164
808537
317914
259288
422285
015039
732141
832202
743019
386652
634395
128512
461229
002706
258679
880708
969060
893291
673801
928523
649283
129701
787882
382783
293333
957678
786636
448120
058566
261174
263095
784483
208538
388234
828243
064922
777425
374509
351470
578278
322063
102800
467470
756133
091521
524974
440817
189380
589135
198542
944268
470202
843778
282855
766570
253346
807020
954220
128755
165762
378125
122077
278349
090857
513710
404264
471599
641480
059323
121722
316571
538831
320008
248548
728912
990852
171933
847488
005936
679735
989717
390336
812875
157950
704385
886638
772984
267786
195837
605357
001072
592700
899908
908160
678736
064074
118449
726174
487128
439689
647030
095839
482724
667590
550720
462416
363010
596725
926613
438644
702853
193767
433584
031127
426519
054950
505352
361169
159135
853465
322987
160579
392417
386251
705506
820922
378006
229888
618536
468312
037859
322123
582629
794592
712774
011774
971198
642119
370097
439096
666180
802136
322965
424306
314115
089470
642438
314863
059393
443429
222613
154506
437929
693156
155636
591872
010524
361277
726749
405910
354293
661005
107724
949995
805490
873971
683210
144383
193016
697444
956989
631438
302459
924801
748563
483235
453112
337586
925531
828939
913207
184176
755477
353442
926993
638201
746258
103303
198237
875580
123004
676867
756400
156743
214059
130732
605240
392553
702608
023836
416215
856653
784187
776503
757679
164023
520153
854511
669304
733384
040745
604803
023622
759912
157194
030685
711647
952966
801410
637746
098851
728229
102348
107180
035571
312336
321174
194916
580112
280704
513226
443150
639898
604508
734719
396764
773898
111827
927314
234128
352117
241692
786551
762864
721459
715643
537495
653968
250771
917140
334749
821470
881095
156648
761829
691666
895055
306103
532030
350588
182302
265972
735589
668432
364189
326713
588731
742739
620080
216264
956529
202280
998171
207295
938200
808502
208474
765573
893444
027094
175725
153132
183708
338064
371599
153978
120728
148940
987235
152672
875334
459819
780054
033570
367185
450123
796585
025299
234659
704833
118287
058988
597517
350281
123807
683958
777349
664111
451874
048973
934108
192210
313454
890789
271061
722461
363836
354029
874851
331467
953079
081015
618759
136027
499012
137120
837155
037421
924562
925320
640367
221158
699300
207649
948721
137421
203943
752379
647242
598500
025678
457745
432214
525468
383405
354006
874300
752886
832606
681745
104015
436814
375117
592977
619758
511440
442906
997430
264991
108581
812868
916264
353504
683303
350625
867482
287258
643693
902748
199042
014221
561498
542962
025738
413175
162261
835818
066318
425670
785438
781971
043054
263232
523884
896780
550674
304005
054083
182497
141002
953042
938499
797746
761896
766718
753333
981975
313629
804426
315795
725406
927042
977602
628506
122567
553031
561706
859249
466379
810394
088442
236409
884371
096125
537439
473828
827515
894791
840965
462281
742468
631425
450947
859764
288476
013627
000031
368656
013260
311128
211785
752381
590923
708645
244857
316476
017584
627643
054122
236011
695297
472769
618943
897557
514703
128013
409419
143407
508240
177018
339535
128631
633025
618096
556602
578697
179536
706887
628695
410491
406125
242999
262720
830693
013178
841494
574875
610781
277113
665969
616729
805142
083464
978877
932478
692176
128992
971277
048628
023553
791874
593651
886202
959638
343148
010232
918195
018765
869159
496030
565812
636863
712782
282836
325913
906787
456978
141332
315682
976251
529349
306746
465019
839936
521834
877196
152795
481121
539107
097740
078410
185480
351385
452041
734372
934422
780500
263468
987619
645731
552119
667888
645124
967946
781560
202239
681673
141643
794802
350358
139268
005609
083256
512904
385665
772636
590718
472592
051732
240051
723300
647063
208208
715277
034875
737440
382496
363449
605365
078891
677264
637439
341925
262467
811999
102846
866613
124260
937212
546816
750603
884067
362087
872359
970306
130038
613101
098453
450526
675625
533500
753920
020842
249595
435833
712853
873256
791642
984893
133051
997264
362517
942250
064889
134201
939004
504285
247865
089433
221823
269801
698587
773819
760356
983594
870001
881353
571781
318297
595481
040531
460075
681643
784615
344569
683305
964920
164171
344422
461703
210732
861457
942731
226538
537399
093702
919193
507169
995541
777447
396276
281103
716008
245372
078746
408251
479330
715379
355905
437577
604967
766674
029179
833617
446220
791557
938050
979833
003834
993795
028724
288065
069956
474448
730330
448439
686974
835350
005300
155686
569414
430565
651812
639090
112893
826165
163145
547096
283421
912792
245389
018059
185764
258716
739309
337217
416064
327880
749863
407744
329499
256450
083307
331479
666157
798674
837500
607150
581148
846089
977428
797732
799886
443305
675353
254323
117132
794202
662807
948803
199718
702146
902060
529377
903220
403831
642933
984745
377670
871475
109420
086686
279967
266943
159047
771903
465001
913462
040367
841705
562680
608365
371551
700342
671672
982024
811728
761461
906474
876489
589281
107446
902001
511911
858647
225393
626838
730373
001590
329205
128069
907690
008335
557156
641524
047504
656983
222802
840576
617274
361298
335704
652696
427495
750561
065436
875694
480057
966582
043731
705139
261846
659294
550514
712554
290004
029074
461012
186464
698181
221476
895893
458206
430035
221992
272703
886663
376350
760015
061331
069933
166349
759864
379139
348711
782493
732635
512895
580845
811156
030634
260840
015285
465851
995163
244591
501639
009286
805067
596979
143891
585566
757806
371132
318058
927833
101400
359213
355257
692452
317228
610084
368940
524758
257838
653157
722664
949630
753995
241979
175879
601427
012850
069733
970760
094275
824708
766136
675037
377718
243977
351884
434423
773522
585447
721185
044429
002559
319323
678533
958080
063946
199252
769882
171574
237859
780385
276812
171431
908561
117019
348997
106079
864517
016486
915545
035587
554035
424365
476992
673505
388740
623122
525196
015580
866608
498359
028276
296853
197462
977043
604768
268726
236714
793668
956076
987606
311122
921362
933358
162999
872999
270887
081842
937728
957580
596600
231573
444009
491698
721674
949656
769470
786819
982754
912543
200840
875462
314555
787536
249867
175795
447848
123452
987965
751288
000156
680258
184074
204490
126357
347070
336089
702106
672245
146884
286719
366926
325629
684658
228915
402545
056123
382907
733452
650383
863799
998138
791646
674083
992402
990440
966336
845847
618943
139605
392238
743140
286035
287121
325296
011684
075973
388994
626485
453485
942265
041507
897991
400356
985685
167953
745353
683030
111867
485118
209682
932981
454313
541485
044353
500026
112553
354821
861569
418792
099833
828659
958433
843983
192101
483310
259679
183588
610305
037990
446614
934254
601897
847105
251979
900383
611986
641163
897103
096322
269587
594279
349537
778692
417339
940758
790260
557847
549534
352611
690769
357196
489118
924632
856699
768467
889245
728630
507485
062642
112965
145156
081757
410702
120200
925318
509835
079828
551228
461303
176521
511648
912693
695204
481111
921070
784429
494128
298440
925004
695209
081220
160855
802418
238034
448285
790254
636027
761003
606664
010608
739221
979145
843526
475714
957187
535324
747959
605095
432163
278624
957384
653889
700613
063433
730721
797494
800088
479065
999496
878918
993043
007913
418822
904556
223174
852550
602424
618271
239707
810664
377795
674490
916956
647690
606324
656006
102095
508187
250601
118880
486631
415670
940293
021681
899170
336353
232058
384991
628834
522139
186810
472556
433211
685466
743181
243745
821979
820322
980335
932888
931229
798918
408853
319588
284619
858396
358611
047367
537067
578149
576863
461786
653680
996911
688773
515586
101987
009334
411023
990880
558741
037861
364530
532084
696809
918119
525120
084749
230481
350733
586029
864075
476389
663431
740513
597125
402218
145766
059510
737819
218054
758203
733193
961362
801985
384574
867391
116354
382075
248948
719926
548637
106776
745956
452547
006352
431375
854950
442681
192414
894191
276906
029064
644583
523624
457090
221675
598475
424670
682190
230211
344287
259348
691809
775289
266505
109654
090904
259819
319600
196776
563092
017464
395659
957295
811637
846268
325669
567972
426822
972021
466668
282567
044017
397968
799234
959298
362950
404680
905405
563032
090975
685988
203632
950560
870232
200487
370141
474143
218231
960454
906313
668480
556311
707851
681293
663399
268996
900690
271180
300190
208435
572732
522977
194905
926510
117035
514342
652020
239150
131110
595615
142887
254394
838006
653823
132999
903937
481466
250177
520329
750090
838186
876403
381541
519100
290154
019730
977509
390390
456038
676347
035390
793069
871676
232839
126737
418703
452703
695681
737817
202150
361681
587788
475023
563408
450957
167612
514043
082636
983590
348479
369476
114840
965006
416018
119682
594485
347030
397984
304127
095793
220022
935940
483980
298995
371642
907993
080619
177084
034651
829466
713149
511724
963995
264931
973770
027256
199866
400963
445314
061015
399866
505056
605536
153996
059286
891836
985021
496875
161499
830061
601934
098711
041758
000383
637219
104952
558283
986956
613268
676069
412379
345032
268033
380478
959649
499281
041803
304146
186979
714662
719741
702950
654890
600362
825672
828435
809229
797771
726448
125377
636721
146486
416436
053828
131952
078804
797021
065873
430425
735232
129888
271983
762598
548248
844135
838447
133934
222277
136674
475036
135354
834768
039270
232802
309639
327657
643183
380907
205320
075069
389929
983902
857499
020901
231510
430767
232857
761209
396413
723475
862129
218860
388116
936210
873954
974286
877779
912553
437741
745979
884054
224729
203038
951685
906238
365739
742998
266517
682930
910569
542776
068991
374836
076724
030553
902585
194495
443268
596832
511586
504197
840695
686013
151143
980133
102577
507442
397701
998647
166096
545111
888522
919901
475904
940502
937689
891898
198588
116052
258165
262681
851913
782031
954188
466689
133889
466014
568328
835841
481666
560588
059763
437105
597293
387277
641462
957406
604641
626160
200811
177423
417251
514048
306487
914291
251777
993863
263381
987343
330495
370365
650244
415958
807668
667697
001070
248675
797455
300476
586689
609914
536921
698767
670107
598904
324035
674180
390201
034640
903032
934045
219580
005342
793475
577110
761889
619242
974962
065270
789900
676502
908136
518288
396576
952735
581168
159486
273853
992481
926641
210368
867835
323527
642431
310749
357944
184551
656468
304296
505983
754222
909073
022050
575226
853498
605837
470355
639966
380839
732420
820966
443149
278259
377693
795548
145504
315526
587895
902341
195881
044485
980129
742457
190879
013067
630904
803108
686932
389753
378595
379286
035051
411912
786266
356335
357428
514248
955375
248429
183360
609593
862417
460886
996822
891346
673358
378766
636450
016402
103197
178224
590099
381415
755769
575182
357203
957537
396111
095253
719223
575740
168478
041655
961891
859742
916891
527892
187327
497678
213111
682264
735501
592327
260974
614586
069768
157447
130496
563807
544770
571357
468706
770414
346017
112050
664393
770518
228168
971131
619783
128113
195769
416677
063627
347537
449700
988172
313715
211918
304226
412423
625793
675027
694607
501875
666895
881150
916380
387244
646445
632719
875896
056980
598474
964599
090991
600671
917890
202813
728091
829609
021773
899392
990257
638689
488126
129732
906436
053106
582899
733355
104168
843245
706089
746301
661007
806015
468052
433768
044508
276169
858422
243699
324200
999630
983712
877322
349557
996146
194600
574032
322001
575015
493802
603931
942106
536941
504853
255820
328736
504715
936392
094888
606181
052010
529104
404009
446751
387413
441298
486584
069032
015472
343903
783055
473871
893427
016550
773612
363906
617164
773583
146675
686489
730359
316471
210379
393438
549359
847731
392752
297295
638985
599673
741306
645921
736352
716211
408409
428533
043167
439541
226334
253170
998038
978973
842357
937359
832546
482311
530235
172515
905020
887496
287324
516314
071049
267139
197202
018259
066505
169036
541707
202392
802963
888714
164275
955700
960897
140478
191699
445125
417836
095361
886246
860001
975054
288164
846304
414176
903451
899487
686289
533385
844579
481404
084736
650398
841004
906655
250261
937128
235534
032113
737908
066485
705724
079285
546217
298344
218041
057604
704506
716000
139912
332152
087739
722627
359300
092562
317439
074353
675385
061485
993509
008705
764586
559500
533628
547677
543424
451295
065503
833078
689296
861462
972468
216869
900942
911023
976451
632877
929854
346485
057786
137540
415016
541979
875704
001533
929819
397762
927054
068574
716008
459300
435449
536866
566995
031630
459919
515903
501494
084851
557218
044091
530544
391795
765674
351903
174007
445277
907665
689349
535459
728130
327351
551887
177485
353441
399690
847323
767768
981020
561103
887780
179976
209704
023269
010666
078935
831689
356470
072442
999474
196845
843823
359139
473654
601663
164472
253965
013056
032603
735839
161834
582905
001743
769759
990890
549264
342610
893673
634272
381881
441093
889833
300041
911106
793357
349928
950018
501870
123468
852149
372969
009486
056130
469572
333808
834029
093363
207100
867143
988244
314220
608278
087469
850146
237767
502443
026840
323373
070859
485570
587198
270567
087958
335495
789951
446741
667496
926216
231331
803950
168078
914546
301977
096374
075591
935883
100173
404157
797981
312823
836414
868259
862009
951648
678332
639938
387487
577418
962866
336434
960574
139044
584262
879989
794147
237597
061210
262024
797505
275347
262483
626415
992193
442686
458155
946268
344124
327781
451615
555151
826946
567466
896592
615646
118167
404100
636596
872577
775528
942061
721939
198209
163593
506914
326165
647410
059447
818572
268051
815195
992326
279802
261287
246484
090629
844087
159407
822829
437819
687390
385263
281922
911598
079532
695818
364683
705935
533960
142700
276716
460992
799574
629269
935955
982777
726163
744133
156003
509568
854916
037169
556435
095157
844414
806582
865400
861613
038884
584795
706200
711477
379199
942682
869268
965117
111048
075921
784375
615752
478211
914949
581078
921729
671905
116275
070930
075597
620154
728133
036661
752927
467505
131450
415946
911711
970237
154409
977553
342486
412978
008909
107779
285920
766688
891896
421594
961546
521235
686343
552143
535283
584640
100599
994373
240810
705760
949066
867607
552718
243312
711889
205909
316149
269452
693396
337869
326028
778072
163381
355003
674726
954182
392155
824954
472465
813384
542893
140044
540490
090604
067717
910555
145804
648867
518775
616948
419730
912945
932388
446968
712787
366118
144977
017187
309710
082298
975017
177584
378081
414192
076292
228407
497189
210093
881015
772432
662054
141026
248164
603505
423976
192565
033251
276915
676735
950939
367341
194149
722633
762808
062003
722503
106001
452568
135927
526156
707565
745239
102823
569212
687790
022978
411662
499458
162170
969955
617883
903264
043899
265771
590586
521981
963700
029989
626771
948022
764228
441372
736810
650245
757963
648231
305108
973616
110836
739123
921838
501419
314666
038974
680372
906649
171195
107269
226465
490208
416531
636442
264673
123858
406178
580344
452059
929965
603737
813249
302242
902289
675333
010299
649761
030629
814069
036997
554078
773273
213299
106412
983969
467421
461041
023833
426850
412194
389226
660155
730415
355101
135029
866879
342751
790195
798491
196482
316227
058469
878042
814338
079850
842558
179863
001364
376708
830938
356752
018361
821950
280413
284094
875346
720061
040218
202379
344720
815764
843986
068244
216171
571174
795771
124432
210425
863306
915841
903452
494125
876247
200641
108738
182464
560145
720957
438475
802946
829890
851842
628059
612556
471843
233894
088228
252062
408751
673987
919372
779170
285236
648582
328633
907165
577289
534802
635882
078132
705390
672839
371600
003225
781871
109982
551431
218941
313422
260810
094572
523840
838611
093764
554847
981441
059122
468070
818627
079467
685538
291696
175261
775761
689877
863981
098751
282770
516448
506773
605306
580722
072985
197390
888783
267727
412871
648395
649744
427983
831519
826627
076336
330099
372030
391575
077825
467356
309365
813293
353104
016973
913511
851221
862028
942441
035208
748869
714577
352069
003078
539137
005113
172412
130770
664392
649542
381216
260769
358995
473949
149600
297626
484402
615025
157766
983751
382179
623424
469400
367335
675526
597947
961682
842586
151614
236909
382865
541511
153519
163706
150480
056102
320176
024129
283031
702203
662458
334229
134077
635479
078889
216456
273004
502418
326833
079815
684209
037659
933683
198997
317228
921577
943023
496575
064909
467491
862126
970329
255719
971261
927059
881695
672130
593509
030793
358995
792281
395704
187175
654736
974816
358494
037077
622175
656477
416701
997157
782626
262085
838066
013573
871689
662254
791230
382377
093043
523822
866139
000585
305768
945862
013314
336436
573460
878232
981216
098939
245933
035520
688231
512243
382814
794587
221232
014319
284757
285280
811013
876128
979870
103863
038381
983631
844814
949220
144729
013758
522189
712444
909223
922768
163539
921946
641157
774693
091055
642542
488645
794326
124713
929278
729040
325080
665303
811149
952905
026985
170650
711150
345414
859224
861073
811548
045255
831946
839106
138734
776219
246087
581260
637486
601654
897957
670350
653097
329912
736988
425907
260252
589243
554019
051802
954234
014759
175680
638715
418331
999109
413779
975046
926352
880037
003403
203696
986186
963933
655455
422525
343739
929073
969653
511778
848681
949056
112999
871140
724364
145073
608190
969139
066300
169268
020963
922345
995254
853923
537776
862861
791779
266567
864741
180501
822763
469076
393767
229607
289518
971670
737824
813418
500960
128750
680035
969457
023979
111091
969250
777105
287444
252308
111264
236216
861602
362072
013850
485844
200314
461863
987112
108338
680147
438675
758689
090900
486970
155074
578077
083461
164855
431844
670198
907305
501531
013114
454104
978524
704922
353051
587195
830646
881188
702807
126041
062127
974942
010177
051703
308455
895498
875966
103483
809302
791283
948938
326249
931026
895094
573812
958721
953276
645010
507159
470872
094266
977156
821494
991512
577679
458271
573285
485125
503975
892565
354332
404545
587937
848110
075480
124672
289923
739534
916018
946873
482630
316851
481463
551617
695864
242891
264172
513273
020603
102621
482216
728044
017918
376551
242233
479813
472565
054463
850717
456726
782320
724624
191782
897319
992655
474579
028658
287569
736569
677184
851740
701330
855995
471056
790845
323478
694193
306884
413511
155392
059310
890320
381458
886551
298688
006886
488153
595037
658394
370959
630085
557343
237227
564117
884107
252967
054490
399917
281439
658977
633572
497952
441670
202896
243196
481108
690579
534883
789200
091514
225372
050555
739201
058441
080533
917284
951648
217566
432327
520153
758408
618641
664179
629369
084388
107032
467224
324398
630096
655592
282386
444673
968845
815764
581312
648513
822416
866588
455814
833840
311776
420471
191291
025271
174453
811530
502195
767411
474911
545970
485400
743286
951119
962985
292840
658449
358227
996226
896058
991981
844843
552700
907200
312062
257120
161607
696850
471454
231859
705271
567902
767974
168035
409265
046310
821111
636513
020264
724632
507346
685776
405176
192413
306567
688289
302381
866197
844378
534443
774631
359152
424259
726306
214995
275509
987773
495486
604404
785273
344045
027218
055752
081249
219332
986376
162456
908545
261638
604988
909840
079244
941271
502359
686380
173523
764335
007855
890623
856860
824105
945507
888858
596856
328290
712298
301847
222184
688465
807319
316667
188694
036542
963479
492110
080003
067146
615784
813248
210210
978298
743551
080430
020722
700892
297991
510401
035162
212374
291029
972966
902207
299992
812217
506356
481032
449989
682272
626163
447791
803460
238364
856566
551427
916729
584439
114308
149362
877818
772489
938617
864124
028344
539379
265448
353882
639427
020028
765177
302356
445889
614680
763628
375098
691189
334581
621801
678686
598948
678673
380430
109319
513668
562142
217350
533142
064064
168419
124313
135502
713201
820742
967689
134798
977429
750464
182488
616439
195069
391258
800321
382259
808136
319880
918701
785760
476973
165599
040873
608192
552723
337803
477436
002804
959867
431200
230764
790885
133442
934157
295460
082175
844328
032971
946346
207984
202326
765119
738368
173711
174746
832283
842253
364717
530449
467622
973960
214613
510176
209061
134788
196747
186104
938204
358144
096804
498725
605140
302316
886277
614769
044029
160928
217028
642264
546520
432487
356687
629590
025073
759732
690132
246266
939245
750820
668412
838503
180618
486338
545377
043770
214110
804303
401391
863920
032056
062253
329462
458580
308518
629122
869400
867889
435032
382715
307341
320771
172480
308684
151900
829458
877152
634019
800618
105680
661268
403206
359704
724962
360897
647773
030408
136228
102621
068269
361653
081532
647913
300256
421896
648846
723031
055271
664748
812511
728588
292942
279514
426908
774205
424260
766513
299307
685358
639978
172782
481116
564163
094596
172041
933686
855014
825643
247939
690544
718366
937152
104668
160033
167059
049911
267054
192073
489568
429760
553738
637672
908482
096730
155787
687349
507618
437674
983716
632967
464617
221263
914107
821593
251863
833502
702100
149248
415116
369298
635941
481239
694629
253603
704911
983896
561005
171732
075592
874072
599359
504054
438418
934467
479168
626992
906927
527621
527370
102444
261064
070275
968934
406506
651424
195952
402925
291988
740041
772447
323253
167101
774660
085944
923816
639793
362487
875135
793163
618166
122200
793272
500709
665458
094875
837268
958913
844640
741823
336089
722625
260287
010764
206171
299844
639298
863499
807485
718773
186187
936498
846202
095456
785335
387993
160286
599278
728638
382957
917962
352644
292163
557514
499022
628500
073012
386144
330587
032724
031234
384345
885502
122262
675041
943563
257691
530268
811327
505131
690727
578208
986626
005956
846750
739462
973314
263958
828587
520317
185440
783287
608026
046019
986216
506701
006594
639413
862810
133400
971392
275903
120419
715305
658610
523440
420408
523324
325320
234722
343071
678922
804849
941344
029860
667569
760636
296279
045688
930222
173059
909869
308504
683833
693491
903070
023362
877670
408400
696083
496325
282793
540524
682186
672733
924018
986835
361489
203759
257702
572471
575572
513053
473531
901823
929961
371703
844446
245341
809046
602008
513983
703822
208259
647270
391661
146178
549313
746498
921410
971765
206415
726704
945111
057397
045739
281559
018821
269616
829887
563952
356234
546774
705325
946076
000967
563971
362449
389726
961532
467093
846004
766610
897029
742296
696322
328416
084492
479622
423610
796758
054090
456927
258137
545551
426210
092121
737782
877723
108138
071559
344023
644916
978124
471410
076246
700182
340067
629090
662492
476909
304530
557235
768834
776983
936381
009750
754537
025776
073649
605488
406714
625820
911534
035654
113642
134915
355899
676308
158183
900438
010368
710598
059786
314046
335552
169166
520343
611877
540432
269283
161096
386796
280518
307086
418247
118036
579594
127555
616998
816888
351566
343663
258665
117490
888659
204403
298799
010826
694965
762806
169028
950910
252118
449824
230673
812694
512343
035771
097966
067759
202730
890359
937550
612391
532581
727001
344824
027351
707804
440037
475271
457191
367195
893862
923881
796389
350450
548010
843223
303630
384351
208876
732315
864526
888267
441625
937641
303120
169073
369432
133599
096284
891459
859726
041154
655098
688271
055668
184582
102138
191119
475788
607547
107592
877822
608620
202797
484396
810570
666688
065436
455687
138865
243887
545447
597292
030019
134213
169247
594302
533478
307038
784353
010921
936509
709895
178007
809338
597801
229671
848895
673275
531328
535001
659159
707764
891605
944727
398864
735293
823909
061665
047544
046995
935316
403701
987125
020708
050156
643785
621356
078885
550336
765057
769559
855895
126317
944336
867691
310266
938458
533901
363074
839434
929838
241061
848543
737651
572468
293822
331815
231474
174954
814753
536952
038288
757799
533755
213088
699278
492048
322619
548753
271630
684780
013507
212135
610883
178285
484917
981581
425068
125310
979787
394291
774506
433797
545195
236743
381174
451612
017892
761787
093122
799756
701704
399795
637788
681887
019141
278070
806124
151345
822616
985822
584015
618149
542307
144209
740154
825852
923415
158891
248607
562839
476431
214865
512724
521388
380684
184747
118521
088721
614544
261577
208281
517089
484425
579246
152690
702585
888951
713099
175513
825975
478377
984815
538661
080732
641487
576066
734676
720309
987189
978517
372322
313470
772417
398481
975494
364869
977896
708451
147799
763846
359363
031289
756887
504129
872435
673570
781965
090928
996046
723767
046810
378640
740045
369792
919265
592756
164250
266352
615001
766243
574766
753719
463545
925725
765540
898968
975255
066213
061655
799588
472278
093116
444490
011652
118928
428662
380714
354041
757703
873149
499300
914180
454171
219522
983571
010183
045409
555801
890531
005269
701370
249208
013749
596726
300296
563278
121672
709836
177197
425549
757298
426997
947588
680448
083513
392494
209856
988873
642274
809549
457086
877992
890449
349611
066165
912931
564871
502957
652190
070201
633055
502022
061881
900845
052627
327645
185866
549272
021968
099014
248932
989121
581749
345745
655827
667909
486192
437236
761690
465795
270731
576962
232897
928226
547523
215424
948392
118167
818455
070927
123268
262728
872181
279674
987489
206255
117918
848006
201221
230894
794740
946460
325119
028508
966044
294973
378518
187012
108432
943799
012914
011033
265991
106155
334885
822609
652782
709129
832761
875090
489888
367515
847591
136833
909335
987416
968880
169224
230553
160189
977674
116469
301969
776283
905562
385565
730663
828885
545853
673334
915049
360498
216494
647214
756666
982910
482745
452257
460101
729011
489646
728307
692827
226109
913615
143044
401749
249603
598875
100222
149181
864565
339332
255671
350990
598594
543928
649352
298107
945825
620096
838998
806056
156405
940496
131699
951212
514731
416258
137305
778480
319440
005316
172880
886208
690774
866045
746214
966526
695923
239877
815100
387847
149940
282134
958156
989251
019401
559598
072558
748685
615230
473891
937070
286535
100311
867399
495332
146549
329570
187761
169215
713920
665210
480368
927080
555294
983686
666175
218302
373104
219008
529794
744262
399582
026810
650439
700444
822969
223858
686817
851290
162048
943671
526921
949987
836260
237068
163068
405592
902256
382279
545258
713809
035889
898638
340608
513814
460819
211667
292028
853082
888168
785855
299389
960536
301585
541084
139862
692538
460241
632425
914386
262248
280019
440342
605556
292969
781547
435386
525720
475854
007092
521487
159110
862248
397913
852061
074920
810292
066196
038144
937884
248276
875882
100866
225006
978228
853108
916463
871028
504096
830998
723317
007065
542516
880345
822396
154620
921142
386048
564494
256793
543914
115875
385587
327990
938698
495895
888143
638426
132641
278881
397247
013512
624724
608192
090060
047387
858771
559979
977167
528870
865820
952143
359950
318552
610207
539482
778765
991456
366307
005854
205709
204563
893110
763593
481283
390027
257099
666398
180987
015069
683323
883585
157037
803870
395423
149520
128226
017982
780620
748421
656643
320496
010811
744869
422442
750827
433848
415830
391118
539768
859407
516373
502400
935293
763757
006163
928619
158577
113955
220772
688188
735244
378561
911183
092745
630109
231251
233192
192154
771304
681105
264854
893641
389082
517099
807544
278539
806192
890434
675151
328808
446335
732738
911458
221281
016424
152426
239710
028788
930264
045629
041539
602830
072129
039772
341465
549715
817752
183823
674450
290873
648727
980747
182158
197114
908882
153675
549499
545136
275450
656321
427129
419254
769441
971600
126431
275505
516501
513301
889062
170434
489866
594710
888888
572268
654893
864233
533274
483016
106376
541229
048521
715457
668776
289173
608624
473386
216265
513563
268171
818057
876462
424651
432779
094246
679498
706470
316204
026463
501175
514827
834461
549807
542447
752886
102097
729032
538250
817909
523373
524811
130470
243263
501910
345170
574554
235252
093954
686287
534737
590553
814218
897769
869270
681927
316141
497777
330061
663466
190809
870110
314685
284773
358624
270420
727007
547975
838524
796559
050799
100581
200353
272295
028808
337777
333923
767185
092580
022934
589656
694169
059672
261951
199702
240384
157481
290323
249763
817839
972955
605998
936701
083132
488139
400804
174247
702130
923061
793972
078940
413168
930655
489702
045631
386242
257213
770998
850678
886375
452197
966390
163846
102520
833809
045479
039188
837104
365800
303695
261729
271074
958763
328391
067811
696357
835369
534138
989999
977699
371873
147784
216111
786393
630607
642275
259253
035709
731219
362602
295754
613383
361001
023007
066082
410805
498470
305592
103192
394833
778416
835952
521008
061253
831523
321107
855414
250029
101318
512330
890489
933198
217987
271551
295631
603878
532487
761772
397151
867679
149667
526614
890754
815997
478510
120741
373890
495161
240232
036278
011016
694049
741773
668549
136119
591000
970891
457893
223727
974893
276471
099326
364677
339890
140607
242103
113213
327920
209093
281372
267334
702156
818758
927264
386658
021109
251147
908731
365822
878519
970720
035203
013585
899731
917438
992356
465345
818709
147517
830036
431811
848066
831143
386004
502143
131855
137986
221269
131785
034625
738952
515388
834536
987409
558621
611209
091415
443210
921734
545122
805072
139454
023358
324085
578554
057549
329274
549602
499215
208177
929458
843538
524821
884091
331047
737627
686383
525804
826037
616628
558483
393051
194873
213126
018311
722490
975676
178320
727168
477714
081687
773611
226747
261726
648451
042980
334610
687957
583330
420128
015150
384555
579923
790397
777886
732145
778867
877567
909331
898109
407614
188216
396378
158636
559092
251697
295834
019123
729951
754841
157590
912402
088653
850915
037829
466118
758190
300920
573868
425354
406704
827896
221295
811190
584652
358138
275637
777292
746826
126689
602274
498945
458623
885401
969461
224152
090682
120730
876760
073608
785174
116669
055786
503950
796572
300525
963341
033088
623328
616984
983695
092663
893013
609224
146455
396104
002690
744640
097389
478958
416201
643203
547375
867472
733716
603767
511034
998310
247942
053559
635998
092394
366147
222994
273318
766247
210018
244382
359189
760269
486379
847501
014503
101718
064362
630147
756057
449208
890050
440023
423093
625126
354568
033451
338991
858411
244001
314065
302305
862600
455304
566567
394653
598808
483658
697638
840592
408181
498014
476564
467304
874492
386148
552138
816595
786283
790033
658088
771533
773644
793180
388363
737659
768828
301163
379245
115838
958629
563714
443466
036510
457872
780094
008318
360138
703399
771388
063111
861860
254232
304563
125037
225797
463120
888247
772883
951199
916789
165296
801564
202486
681670
553672
540395
967820
090790
271187
850918
162766
729605
690587
634632
781586
370033
384831
527753
479375
736643
984642
094082
331095
741678
052413
237036
330272
236077
522912
265943
445265
972476
947924
622613
259974
886811
849556
056391
505175
020132
984238
969991
671769
337192
437662
692662
645003
159815
169775
669587
610199
424346
639373
935101
561667
803746
931144
040293
092886
238979
296687
738182
160195
617723
514402
406568
399218
113877
574013
460932
407124
560651
248870
311049
467997
889163
488100
293454
943162
584697
318845
506531
751276
293300
584853
177500
647731
170347
064934
838194
898590
253186
300979
463419
018119
172082
669873
265368
488017
992574
534746
087737
130103
390894
740520
714638
910065
495913
490449
118945
801235
579191
201518
669590
441529
204613
906001
274677
571953
883867
614977
829636
424119
613187
988580
775086
702775
228015
286522
369817
878591
842620
984704
189336
691239
915850
871416
152878
077789
869547
619563
031010
298314
652191
138553
535552
683555
373707
492705
093912
609918
297345
893282
788109
676190
904750
046485
411184
514022
035900
194963
701552
806009
186026
616008
614969
027847
601303
717142
442927
505349
271731
528067
483190
388088
084170
806196
570877
616909
946815
828932
838228
869960
662489
745003
122310
549714
531558
023607
038384
730794
370089
768358
262437
124781
340218
472219
487486
715187
538219
784022
386451
829784
582963
715418
450775
304464
667465
406262
047335
579572
701279
709433
509263
699625
535052
249412
368453
603854
307584
840229
726857
032560
456122
415083
986071
548972
215531
497183
964243
361144
597268
403482
750792
184493
457087
386078
586904
973624
480080
270329
480630
566999
395430
152075
965337
225852
874338
837389
609839
868675
950623
001795
021299
394876
449704
787740
009608
457412
508251
745026
720475
400829
389779
277522
133610
639684
883322
832896
420108
918260
965630
503197
709108
432198
077977
368278
584829
486500
922725
125810
117883
940901
395976
368237
200823
017160
052863
750339
031343
521354
866211
517766
934821
832514
751887
344385
344800
216602
639349
649056
251497
403905
196664
573522
493786
218431
731178
100431
105862
745765
156441
712286
726496
699078
127198
845796
988391
476295
111040
285708
630191
298000
977151
660886
996711
305123
936221
762427
058850
361830
602153
438221
466899
299557
670832
032696
589821
023337
847928
812834
185564
177928
753163
444943
319160
174344
753755
901210
019153
281095
934116
659708
021131
730704
808403
379349
839181
067911
503828
278891
215776
542461
527150
513384
374815
518421
279266
505695
128153
347427
087276
303913
302212
249181
606949
999534
889778
072049
493415
623409
075301
607028
737422
352535
726631
999044
702324
868314
724214
555470
332152
613544
850112
306130
352511
984949
221541
475115
305735
389362
827994
643027
090352
799344
544736
984610
214899
853211
857085
395074
693398
965509
334611
668248
203167
371257
726720
399886
952453
828202
240523
414046
164695
422746
374115
529840
223933
557429
736175
852854
683512
622128
676824
072472
593314
026567
950518
999339
910500
587140
775234
159320
803964
803072
439817
267399
866574
070802
342443
168320
273430
028676
791370
233828
178800
831741
685565
980903
287869
714312
109301
221311
029708
121742
396008
736934
107145
057050
980576
023704
048298
101312
667316
207720
295212
580418
389895
068134
773040
868728
868312
797423
046860
009192
995474
529559
003851
263691
317265
476789
452393
494675
107516
249333
560371
247688
074340
262362
626539
242814
112256
590456
736500
528243
051775
461263
280117
809851
673765
150040
626652
717461
871030
210519
743977
569562
876813
981431
021017
660608
432692
997058
837587
543802
942754
338660
558057
695479
238935
001695
867646
186924
589688
223012
374676
016067
452799
790953
027461
131188
544313
467474
443115
646288
166840
362724
873898
455279
699709
775864
177008
435357
034280
985653
025999
882623
677269
540251
129292
009501
534593
137632
439538
488563
277093
945459
160539
003936
510357
375913
270694
158503
707208
241378
540323
804425
314822
461787
519475
725226
690946
283923
379175
304977
307065
740135
258018
003648
226144
490573
556384
324123
233720
822442
086424
812201
489057
752136
439046
262162
475236
041855
630288
975505
322970
871742
874940
061201
057886
157678
901214
732896
260918
074081
751568
099690
957416
806493
750784
727840
223302
404792
017704
744297
170341
963183
715689
452475
867114
680844
181791
591889
398682
510895
046145
208476
889330
894558
943774
314756
897860
828175
750838
303563
516364
059479
601966
391136
584742
598181
698996
123990
247645
425056
861469
924208
536206
548912
645865
483167
619953
190803
410175
809423
085467
979946
157503
531836
888773
307956
975233
806664
276740
351064
002188
361919
560303
392210
008204
053159
640301
347094
923977
911579
563199
112541
676485
187952
373847
852638
873345
883343
768939
071600
687505
999989
371323
387658
371850
335248
423157
275564
920349
188024
960046
143154
385011
127904
633782
978296
296657
290102
854600
073570
958636
513768
751155
706065
741239
192347
466496
898644
983046
965858
131830
602101
877082
034586
088278
962582
941198
288601
896228
530884
352935
495257
476444
135966
318965
596722
551991
389379
293230
894424
351090
629138
181182
924222
167985
845571
860351
450986
114649
194397
852426
200955
694410
505835
429090
005478
855946
805742
847267
818798
248935
674559
186300
596303
596771
491487
758589
595792
865475
687608
057844
642672
737940
588004
085399
734546
076030
558333
404541
716303
899247
365590
772422
661352
977779
344858
527350
107372
545772
609552
554338
228899
696401
981899
085725
825356
603183
299518
686768
874233
735075
187716
542382
928798
444731
387415
911864
125464
336381
700802
867471
869517
066037
606569
146744
387443
694333
636803
047453
643022
881640
676865
818442
171938
405907
701901
107091
161206
484570
655215
